time,x,y,z,phi,theta,psi,x_velocity,y_velocity,z_velocity,phi_velocity,theta_velocity,psi_velocity,rotor_speed1,rotor_speed2,rotor_speed3,rotor_speed4
0.06,-2.89915439144e-05,9.85486098353e-07,10.0042704212,0.000152448261129,0.00666742377735,0.0,-0.00172032557815,5.54644712504e-05,0.142337754881,-0.00564219554054,-0.0295113158794,0.0,450.6846556489133,448.293544654175,451.0039618234524,450.54814345002774
0.12000000000000001,-0.000285491078705,8.10126628674e-06,10.0161352987,0.000423056354368,0.0105058164154,0.0,-0.00720160460046,0.00020205716278,0.253136438823,0.00179131662815,-0.00473970237773,0.0,439.49512203812554,441.5430856893961,439.87669567626114,440.4917943352672
0.18,-0.000937943796292,6.91566402294e-05,10.03469147,0.010143505281,0.0102944298139,0.0,-0.014529136579,0.00287880315199,0.365368923717,-0.033393919515,-0.00913332263725,0.0,440.26187073811826,439.8983594569526,443.0919507898027,440.1903706138695
0.23999999999999996,-0.00200844629986,0.000411839977271,10.0560034428,0.00901622345837,0.017155504059,0.0,-0.021758229985,0.00845878513397,0.345029863184,-0.0449189833106,-0.0401751259777,0.0,397.565665188518,394.7115904708473,398.50005767099924,397.44448870687717
0.3,-0.0037179879089,0.00114540932805,10.0831074324,0.0114360386858,0.0150630900409,0.0,-0.0349855708626,0.0162523295132,0.558357411028,-0.0213152407628,-0.0476691411505,0.0,472.4437810796654,471.8648237389851,470.30864737708913,472.1323948512253
0.36000000000000004,-0.00619920520648,0.00244733480641,10.1230452705,0.0222858426602,0.0197945456392,0.0,-0.0482483492446,0.0284811203769,0.772753780334,-0.0606845927849,-0.0186628304222,0.0,471.3194520005295,473.554953122369,473.51596975770263,470.47751955675466
0.4200000000000001,-0.00958375171751,0.0046950242364,10.1766017501,0.018905131793,0.0193892354959,0.0,-0.0645067558318,0.0460316747602,1.01229017871,-0.0676020129174,-0.0105260974634,0.0,479.8940493714319,480.51130333822624,479.80013679040144,479.2721803003145
0.48000000000000015,-0.013868286555,0.00784940511081,10.241066475,0.0157333381127,0.0190844244394,0.0,-0.078284870836,0.0587894851634,1.13642425355,-0.0791735755314,-0.018101900437,0.0,446.06675163070213,445.4478535014006,445.9455170398044,444.995480045698
0.5400000000000001,-0.0189579386862,0.0116728533461,10.3114769692,0.0111132927452,0.0229526366195,0.0,-0.0917258328916,0.0682090159167,1.21051499547,-0.0845075425605,0.00511037235865,0.0,429.01944000461606,430.985679570085,430.1863815769195,429.72899153554397
0.6000000000000002,-0.0249321758144,0.0159703532202,10.3864491575,0.00658586102016,0.0263091787313,0.0,-0.107727346442,0.0745858838005,1.28846930852,-0.0775469464007,0.0230788393652,0.0,430.6633973041557,432.1802994103304,431.095142779951,431.677130737087
0.6600000000000003,-0.0320186285015,0.0205781337423,10.4692388315,0.00195999191123,0.0297239183939,0.0,-0.128855731855,0.0784807874378,1.4709610641,-0.0809095789287,0.0375325152387,0.0,463.97027150672466,465.1037234049263,463.7224779881889,463.4536174835595
0.7200000000000003,-0.0404894355574,0.0253313900113,10.5640745706,0.00167479326734,0.0340919566398,0.0,-0.154000537101,0.0798999966914,1.68991523431,-0.0586629341538,0.0523126220576,0.0,475.1676503833633,476.3001230472849,474.1086238900088,475.81079864296026
0.7800000000000004,-0.0503554142671,0.0301582286878,10.6656257914,0.00227865774549,0.0392682744885,0.0,-0.175335804063,0.081068570487,1.69509866683,-0.0821406307047,0.0354296334171,0.0,409.1903442164759,407.68626129998734,410.12174376636995,408.02751154750564
0.8400000000000004,-0.0616845598282,0.0350498660032,10.7699983295,6.28052543018,0.0420342092866,0.0,-0.202567658848,0.0814907689849,1.78383916551,-0.0828619719751,0.0430758635221,0.0,436.08493970838754,436.7238535475928,436.30158774994527,436.23570952051784
0.9000000000000005,-0.0748541749418,0.0398566893481,10.8828437331,6.27605494491,0.0487136332548,0.0,-0.237155871451,0.0782122691007,1.97732088919,-0.076214594892,0.0640752520054,0.0,467.69032804520646,469.32439783808434,469.01861442407113,469.5296999628653
0.9600000000000005,-0.0901547941488,0.0443835363365,11.0048930106,6.27198193242,0.0602529673816,0.0,-0.274024474933,0.0722706235582,2.09071672825,-0.0852524798224,0.0932856393996,0.0,443.87219425821826,446.2670969447504,445.8165468664503,445.0724837980048
1.0200000000000005,-0.108086919413,0.0484346067292,11.136939749,6.26934750188,0.0659472103105,0.0,-0.324375676438,0.0624362009153,2.3103688956,-0.0691576744263,0.0884665105583,0.0,477.70090743271675,477.33974307251447,477.7221441981109,478.94310217048366
1.0800000000000005,-0.129198454012,0.0518251892667,11.2822853586,6.26547096411,0.0744844198137,0.0,-0.380315777288,0.0501194913382,2.5339287904,-0.0645107124374,0.106987667447,0.0,479.2960357757854,480.70842860221336,479.92588910026313,480.2753944765392
1.1400000000000006,-0.153387162889,0.0545001733628,11.4346856635,6.26165309114,0.0814763816152,0.0,-0.426589713701,0.0387121236392,2.5459897923,-0.0684991804373,0.114163465818,0.0,415.2360335682756,415.8765164672214,415.07385728652713,414.7201318858158
1.2000000000000006,-0.18050576311,0.0564376898034,11.5880700924,6.26471369288,0.0894576561586,0.0,-0.47809334866,0.026126095086,2.56670611139,-0.0403412777294,0.101248760947,0.0,419.891455921323,418.7810617162917,416.1251287591959,418.5799821310839
1.2600000000000007,-0.21136986475,0.0575552098203,11.7483479203,6.26311693197,0.0957862677302,0.0,-0.551423149544,0.0109367064324,2.77531052219,-0.0315271596465,0.0944015587909,0.0,477.467646174899,476.95268190875015,477.0879389612142,477.7598678107704
1.3200000000000007,-0.246279424789,0.0578403641853,11.9159038282,6.26405787605,0.102882910528,0.0,-0.612867067283,-0.00132277930234,2.80971943331,-0.0512030001636,0.106367073219,0.0,423.3576723912405,424.3948010186247,425.8315432601612,424.1442627723187
1.3800000000000008,-0.285022928606,0.0573911205067,12.0856376136,6.26111214605,0.110052564607,0.0,-0.679233904779,-0.0139167591335,2.84787921798,-0.0564794232104,0.114962141526,0.0,425.4002958847951,426.14675237278095,426.5679111434659,426.11511872717597
1.4400000000000008,-0.328336605369,0.0560530894899,12.2616684644,6.2609561586,0.117458761797,0.0,-0.765352697867,-0.030665278849,3.01924678148,-0.0774123656655,0.105858387001,0.0,469.3710012300061,468.67435995927974,468.3732289617971,466.7396270565299
1.5000000000000009,-0.376512989628,0.0538038243936,12.4437844757,6.26186698275,0.131443273399,0.0,-0.841830542548,-0.0441947339555,3.05099974025,-0.104460715331,0.0743691327069,0.0,428.18217790212094,425.5030511394915,425.6960256489511,423.36848393455284
1.560000000000001,-0.42961488377,0.050721556849,12.6285783479,6.25688269676,0.136631108501,0.0,-0.928724406239,-0.0590053454756,3.10852060136,-0.118129155564,0.0637600092196,0.0,435.39974001952123,434.51519959393056,435.0008290718828,433.84389401108575
1.620000000000001,-0.488073622069,0.0466538034394,12.8171332492,6.25475655527,0.140571600158,0.0,-1.02027047287,-0.0768075758283,3.17634983293,-0.0948996756787,0.0586573566372,0.0,438.10154940075006,437.67989954577104,438.3573647792135,440.27256507748126
1.680000000000001,-0.552314767862,0.0414595918686,13.0112233791,6.25831550187,0.144200105371,0.0,-1.12144743905,-0.0959120434131,3.29289246381,-0.129443909186,0.0536454050789,0.0,454.03962024684716,453.6394880419079,456.73610683585565,453.96286538701395
1.740000000000001,-0.622105885497,0.0352577051021,13.2081875563,6.2508871363,0.147482688159,0.0,-1.2052198321,-0.111435558834,3.27253568763,-0.137128169035,0.0554623351786,0.0,410.8277473967266,410.9910462181174,411.2993096261226,410.6005605586315
1.8000000000000012,-0.697552050723,0.0278900895157,13.4076508573,6.24857057866,0.153976811645,0.0,-1.31026318907,-0.134399056762,3.37576291601,-0.11166860214,0.0737916109229,0.0,450.61237753606855,452.09438490288375,450.6943968056032,452.73267187449625
1.8600000000000012,-0.780140175807,0.0189318568369,13.617781717,6.24397887067,0.159311888759,0.0,-1.44324065202,-0.164723627891,3.6276051187,-0.128820867357,0.0620864020509,0.0,497.3949059553268,496.54007873184634,497.3393304535449,496.07061397129394
1.9200000000000013,-0.8697330478,0.00830689616778,13.8361429385,6.23752661811,0.163466333384,0.0,-1.543576615,-0.19000530207,3.65086615548,-0.142458864169,0.0536092331307,0.0,429.0748639823376,428.35714138529187,429.8404459938026,428.66594733907084
1.9800000000000013,-0.965814820229,-0.00407191875184,14.0582350795,6.22899513555,0.16668592488,0.0,-1.6594439229,-0.223470767157,3.75168734425,-0.141824546189,0.0510653468236,0.0,454.8528310693734,454.6507951743168,454.0181311358725,454.0506407953113
2.0400000000000014,-1.06906451237,-0.0186649842561,14.2871982849,6.22424564496,0.170024199267,0.0,-1.78250794638,-0.2634115445,3.87979695808,-0.164300866299,0.0557270569296,0.0,463.95128204828086,464.3188484675067,464.572933129581,462.7871004310494
2.1000000000000014,-1.17994725308,-0.0358108010644,14.5247978122,6.22102609801,0.173776657552,0.0,-1.91393037285,-0.308456582298,4.03940852651,-0.137251900358,0.0474203589385,0.0,474.6963594423146,474.06010284035364,474.0816414296687,476.13449594307633
2.1600000000000015,-1.29843642896,-0.0555811443852,14.7698151069,6.22084996436,0.179664292404,0.0,-2.03624160538,-0.350505864692,4.12728577174,-0.169573918189,0.0653650348901,0.0,453.9244518930212,455.3641692958585,455.4658487038062,452.8530304137241
2.2200000000000015,-1.42407593499,-0.0777924640395,15.0183724696,6.21439057943,0.184147904278,0.0,-2.15216496915,-0.390422756481,4.15760744129,-0.191923349954,0.0558673131052,0.0,437.72955735041205,436.94124313116544,438.0645564684719,436.1710558283748
2.2800000000000016,-1.55705529476,-0.102647661641,15.2702951814,6.20289900459,0.187773954798,0.0,-2.28081608195,-0.439183345496,4.23921195579,-0.19519883725,0.0488084972995,0.0,454.28158857812076,453.7169885134957,454.9942815763969,454.69654380176155
2.3400000000000016,-1.69728765095,-0.130411319238,15.5242204059,6.19515538456,0.190729159286,0.0,-2.39389599561,-0.48693789439,4.22478102099,-0.174545142636,0.0454532355673,0.0,425.4491755142451,425.1632558537469,422.81052771716816,424.55009519536725
2.4000000000000017,-1.84439872058,-0.161161374965,15.777374179,6.19439210175,0.196577582029,0.0,-2.51032854546,-0.538140561513,4.21346350275,-0.141591115388,0.0636433534706,0.0,425.2428611593876,426.8002568806141,424.5050413128279,427.29705803592543
2.4600000000000017,-1.99883376643,-0.195121168865,16.030957196,6.18588501802,0.201407707908,0.0,-2.63794958199,-0.594593697392,4.23887398691,-0.142572427575,0.0735255449604,0.0,438.12135613405337,438.94573994619225,438.83763379296926,438.73711637383417
2.520000000000002,-2.16167336698,-0.232911727777,16.2889462747,6.17764363653,0.216392764851,0.0,-2.79153409926,-0.665853472164,4.35956806051,-0.13752852544,0.0366844282043,0.0,472.0078550944029,469.1583131626805,469.10148694806117,469.47573110230763
2.580000000000002,-2.33314850117,-0.274728267173,16.5502056179,6.16946760153,0.22022381253,0.0,-2.92469373962,-0.728703776589,4.34876406133,-0.141973419177,0.0214472464886,0.0,431.64499463174695,430.3574219781055,429.4870089776983,429.0911091326226
2.640000000000002,-2.5127738396,-0.320490723974,16.8110746626,6.16100179308,0.228098980354,0.0,-3.06350358868,-0.797400096831,4.34639139614,-0.145958945456,0.0483903132941,0.0,432.84800008716167,435.110226773228,433.70409726871605,433.34944207538626
2.700000000000002,-2.70136898145,-0.37078586023,17.0738871212,6.15256552351,0.231105019563,0.0,-3.22327022094,-0.879844845768,4.41332130268,-0.153484038288,0.0508988265095,0.0,456.96879785853525,457.1701748474441,457.81899093574106,457.199762221636
2.760000000000002,-2.89958213613,-0.426138036944,17.3404345629,6.14983475546,0.237142417382,0.0,-3.38437084137,-0.965380221574,4.47089231716,-0.182592732964,0.0686578469993,0.0,454.97799940380145,456.3999635195642,457.16884052520516,454.818478789263
2.820000000000002,-3.10795005106,-0.486898044349,17.6118195698,6.1388681145,0.243059365221,0.0,-3.56176421577,-1.06095023508,4.57417161315,-0.183456754816,0.0527218663477,0.0,471.8833668738266,470.6541069593656,472.38012279507524,472.2832605203803
2.880000000000002,-3.3274082852,-0.553778542238,17.8904635732,6.12866043629,0.252982682443,0.0,-3.75444567578,-1.1692940661,4.71246234834,-0.194527665076,0.0230147795815,0.0,486.97723147599,484.7505848457436,484.32428387081325,483.45986742114485
2.940000000000002,-3.55732345242,-0.626592112435,18.1723195717,6.11710304458,0.255339819837,0.0,-3.90969031094,-1.25874257246,4.68232927534,-0.199621975647,0.0109248042875,0.0,434.97198169091024,433.9581030500702,434.109100458278,433.6426696392596
3.000000000000002,-3.79663129407,-0.704975861744,18.4523755566,6.10512464822,0.256174353821,0.0,-4.06741979654,-1.35500771733,4.65247275938,-0.201969590765,0.00493676048443,0.0,435.56283255186327,435.0615421097176,435.15815542267006,434.9212583837587
3.0600000000000023,-4.04639133719,-0.789976687716,18.7341158152,6.09359923845,0.258432646198,0.0,-4.2580742901,-1.47935941254,4.73777401968,-0.194651839691,0.0191280137812,0.0,472.5054883483761,473.5983348830307,473.5933875239971,474.11975088466244
3.1200000000000023,-4.30750903014,-0.882545857675,19.0203302812,6.08480021817,0.259702369971,0.0,-4.44595367693,-1.6069765354,4.80177318895,-0.214482565396,0.0219385982464,0.0,468.5555001555492,468.7739399694547,470.2190629016888,468.6426054050167
3.1800000000000024,-4.58002189135,-0.982984454941,19.310457196,6.07243571787,0.268910343302,0.0,-4.63857512348,-1.74195921907,4.86771963092,-0.207811405235,0.0515351900071,0.0,470.9173006268337,473.20193074273664,471.6187552645,472.0923037171733
3.2400000000000024,-4.86301558863,-1.09076251956,19.599946133,6.06741333755,0.273182542494,0.0,-4.79503687403,-1.85099125053,4.78169273501,-0.23892940451,0.0622952749106,0.0,424.98701261215984,425.91070147820346,424.6213768848981,421.89285345648676
3.3000000000000025,-5.15538610234,-1.20508666979,19.8837948372,6.05409326957,0.280939319694,0.0,-4.95137753815,-1.96072719887,4.6794586417,-0.251236342185,0.0391011405741,0.0,421.25106015664886,419.2423399995071,419.20464986277966,418.07046195613856
3.3600000000000025,-5.45835353348,-1.32704981307,20.1650703698,6.03910953257,0.283318382803,0.0,-5.14777504188,-2.10589066433,4.69531833189,-0.255944821726,0.0402246942039,0.0,460.62963630794115,460.71922038128764,461.01920375484775,460.5852575963579
3.4200000000000026,-5.77279668733,-1.45765931184,20.445876595,6.0238296043,0.286805238862,0.0,-5.33404725852,-2.24889752095,4.66397241368,-0.253882291564,0.0276120036119,0.0,447.79526766411334,446.7684375644506,447.7553657810909,447.8582627818103
3.4800000000000026,-6.09853860808,-1.59709334759,20.7247689747,6.01602766085,0.290550790578,0.0,-5.524436016,-2.39940291265,4.63165803806,-0.284969890912,0.0105342663504,0.0,449.112768450013,447.7251932098437,451.2359922791293,448.6490945086222
3.5400000000000027,-6.43596274883,-1.74585774415,21.0021539163,5.999511076,0.291507979834,0.0,-5.72320193388,-2.56066432549,4.6134598985,-0.277731601733,0.0156947600233,0.0,455.6312442731073,456.043597879729,455.5529430497197,456.052811823086
3.6000000000000028,-6.78479615294,-1.90402549458,21.2764692815,5.98377869262,0.292548474352,0.0,-5.90486092908,-2.71271000268,4.52971244176,-0.289574292732,0.0181412455796,0.0,436.45868679402,436.66279147492247,435.5049371842616,434.4306092130007
3.660000000000003,-7.14365087509,-2.07061802387,21.5426414385,5.96655177346,0.295023257408,0.0,-6.05748564557,-2.84149856085,4.34252019216,-0.286400286491,0.00398756880333,0.0,398.7799861240576,397.4845494004556,400.75222277474097,400.94631202291134
3.720000000000003,-7.51370847877,-2.24715530978,21.8036197041,5.95493981656,0.296159911435,0.0,-6.27789969712,-3.04384279211,4.35545110843,-0.313488394758,0.0132340275682,0.0,470.433076878602,471.1485594320637,472.15401374641215,469.975441373125
3.780000000000003,-7.89591589677,-2.43482358743,22.0616860611,5.94173508757,0.296943926667,0.0,-6.46266958759,-3.2126630534,4.24613936716,-0.340651951962,0.0115473180846,0.0,431.7888844292928,431.646412465841,433.41754101785637,431.01781914200467
3.840000000000003,-8.29129413985,-2.63504396223,22.3192281175,5.9213518597,0.300993368227,0.0,-6.71679556498,-3.46281264711,4.3360530621,-0.344709534967,0.0304528037949,0.0,499.3922875978243,500.7696046967045,501.24524237920116,500.8444472274108
3.900000000000003,-8.70085790402,-2.84929300355,22.5783325842,5.90199617163,0.305193652437,0.0,-6.93568359435,-3.6800647549,4.29901990247,-0.333236286614,0.0461704964465,0.0,463.3215434821618,464.5564767689277,465.12158062167714,465.9059475477753
3.960000000000003,-9.12188403576,-3.07475253046,22.8297435684,5.88199139656,0.308128609617,0.0,-7.09908783235,-3.83644887608,4.0808908719,-0.334855492331,0.0403650497148,0.0,402.00707065846814,401.48184522148136,403.4877112972705,403.21466077431177
4.020000000000002,-9.55385342656,-3.31109570875,23.0709189181,5.86391416314,0.312090871885,0.0,-7.30034018456,-4.0427250144,3.95701613027,-0.320464960183,0.052813384382,0.0,438.9704539863107,440.0036951129869,439.57183252005854,440.6503490798419
4.080000000000001,-9.99841141108,-3.56054317938,23.3055858913,5.85054642806,0.317123061313,0.0,-7.51872698214,-4.27285619059,3.8637485618,-0.348212687657,0.0666146217884,0.0,453.08819659803754,454.1989322809811,455.45543002537016,453.120921596031
4.14,-10.456588075,-3.8244354535,23.535374485,5.82964650168,0.337991582874,0.0,-7.75508289569,-4.52423315204,3.79282214079,-0.350180592058,0.110425649633,0.0,464.2548211928268,467.6858062532405,467.23041667655446,466.95810953073124
4.199999999999998,-10.9294815354,-4.10393156263,23.7610946005,5.81088072844,0.345567195813,0.0,-8.00848210802,-4.79309111755,3.72868545281,-0.334925402522,0.0984801811894,0.0,476.3812453372824,475.4758129445837,474.94825506719246,476.0033361316094
4.259999999999997,-11.4170028592,-4.39887880929,23.9808382891,5.79090169108,0.351575768288,0.0,-8.24265060369,-5.03935572142,3.59407801413,-0.332200381926,0.0936172082784,0.0,456.3591202554891,455.97842138950995,456.3070831559033,456.41336398079676
4.319999999999996,-11.917893237,-4.70778254411,24.1902640161,5.77191520047,0.357742952586,0.0,-8.45423325609,-5.25826137571,3.38527242639,-0.322683104287,0.0842032586234,0.0,433.7675391002973,432.98307047353785,432.33149924717435,433.0188225287145
4.379999999999995,-12.4313906465,-5.02972778588,24.3864044605,5.75372878305,0.363102142653,0.0,-8.66288704631,-5.47403308887,3.15138979094,-0.335818212978,0.0768156192617,0.0,428.0197272938993,427.3960083789208,426.92596866045784,425.68856544021264
4.439999999999993,-12.9602635794,-5.36844706355,24.5744447881,5.73381358522,0.368113339553,0.0,-8.96622100914,-5.81710046549,3.11320845808,-0.342453110204,0.0685644822405,0.0,504.76096626390785,504.16855426726994,504.54256203276896,503.96061820584583
4.499999999999992,-13.5060385536,-5.72608049103,24.7566516973,5.71512332062,0.373009393558,0.0,-9.22650253805,-6.10452447252,2.95790937111,-0.358631326374,0.0771263874791,0.0,469.46648889943486,470.13420140476336,470.75410785652724,469.38267737444147
4.559999999999991,-14.0673134774,-6.1008375498,24.928693131,5.69595215761,0.37768928494,0.0,-9.48288777088,-6.38786946439,2.77440508954,-0.376657941629,0.0787040611521,0.0,466.0375615560761,466.16538696999567,465.7461380398414,464.20255626791123
4.6199999999999894,-14.6451053379,-6.49422430971,25.0915032454,5.67419642708,0.382503434654,0.0,-9.77678477676,-6.72535919942,2.64918561575,-0.367726667605,0.0810348479768,0.0,493.7997341767419,493.9760697217998,494.3718912943633,494.9010397518556
4.679999999999988,-15.2395860914,-6.90658095778,25.2442051544,5.65238798053,0.38988223353,0.0,-10.0394199594,-7.02012060871,2.4379189023,-0.363266664122,0.0624146900557,0.0,470.8727735064346,469.4336227065452,469.88003325551534,470.0953543414959
4.739999999999987,-15.8488157106,-7.33517564547,25.381608737,5.63282352229,0.394922253594,0.0,-10.2685777148,-7.26683428465,2.140225823,-0.348060935151,0.0737385711742,0.0,441.53589773355026,442.4728258365326,441.61892156057587,442.73910264001927
4.799999999999986,-16.4705091932,-7.77666929696,25.4981804701,5.63192247152,0.399937044262,0.0,-10.4555233049,-7.45033986314,1.74525543216,-0.398246547919,0.0810409386803,0.0,403.04993757626363,403.7149227071044,404.6848886274173,399.9859802855542
4.859999999999984,-17.1043370484,-8.23037112243,25.5923279617,5.61173219348,0.406333814236,0.0,-10.6725000183,-7.67350543852,1.39113224386,-0.420567718835,0.0662184729546,0.0,424.62438902803575,423.3552188149468,425.3389861496621,423.24215550737495
4.919999999999983,-17.7532174091,-8.70038944467,25.6683761835,5.58844257316,0.410387440656,0.0,-10.9567113898,-7.99385552687,1.14046132909,-0.406448134031,0.0616859595132,0.0,476.13310129442857,475.78884253458426,474.35105802911454,475.26698186474766
4.979999999999982,-18.4182162301,-9.18829440721,25.7271076695,5.56459506452,0.4183272503,0.0,-11.2099578164,-8.26962096516,0.814226476289,-0.415785582381,0.0830704749772,0.0,452.0380421908659,453.76229308125227,452.72739178482084,451.80382811987124
5.0399999999999805,-19.0997848043,-9.69477357051,25.7679558822,5.53963609821,0.423303161419,0.0,-11.5086167858,-8.61268380217,0.543437368511,-0.417153360232,0.0825356555385,0.0,485.1627717417276,485.1275539219219,487.31104862233997,487.04518353708767
